0 5.69 0 5.55 0 0 0 0 0 0 17.32 0 0 0 0 0
5.69 0 12.63 4.68 0 0 0 0 0 0 0 0 0 0 0 0
0 12.63 0 10.08 0 12.66 0 0 0 0 0 0 0 0 0 0
5.55 4.68 10.08 0 5.83 0 0 0 0 0 0 0 0 0 0 0
0 0 0 5.83 0 8.76 4.65 0 0 0 0 0 0 0 0 0
0 0 12.66 0 8.76 0 0 12.67 0 0 0 0 0 0 0 0
0 0 0 0 4.65 0 0 2.39 0 7.32 0 0 0 0 0 0
0 0 0 0 0 12.67 2.39 0 2.76 0 0 0 0 0 0 6.54
0 0 0 0 0 0 0 2.76 0 3.42 0 0 0 0 8.03 0
0 0 0 0 0 0 7.32 0 3.42 0 4.45 3.66 0 0 0 0
17.32 0 0 0 0 0 0 0 0 4.45 0 0 0 0 0 0
0 0 0 0 0 0 0 0 0 3.66 0 0 1.46 2.55 0 0
0 0 0 0 0 0 0 0 0 0 0 1.46 0 2.69 0 0
0 0 0 0 0 0 0 0 0 0 0 2.55 2.69 0 3.78 0
0 0 0 0 0 0 0 0 8.03 0 0 0 0 3.78 0 5.24
0 0 0 0 0 0 0 6.54 0 0 0 0 0 0 5.24 0
